2.00000
1.99605
1.98423
1.96457
1.93717
1.90211
1.85955
1.80965
1.75261
1.68866
1.61803
1.54103
1.45794
1.36909
1.27485
1.17557
1.07165
0.96351
0.85156
0.73625
0.61803
0.49738
0.37476
0.25067
0.12558
0.00000
-0.12558
-0.25067
-0.37476
-0.49738
-0.61803
-0.73625
-0.85156
-0.96351
-1.07165
-1.17557
-1.27485
-1.36909
-1.45794
-1.54103
-1.61803
-1.68866
-1.75261
-1.80965
-1.85955
-1.90211
-1.93717
-1.96457
-1.98423
-1.99605
-2.00000
-1.99605
-1.98423
-1.96457
-1.93717
-1.90211
-1.85955
-1.80965
-1.75261
-1.68866
-1.61803
-1.54103
-1.45794
-1.36909
-1.27485
-1.17557
-1.07165
-0.96351
-0.85156
-0.73625
-0.61803
-0.49738
-0.37476
-0.25067
-0.12558
-0.00000
0.12558
0.25067
0.37476
0.49738
0.61803
0.73625
0.85156
0.96351
1.07165
1.17557
1.27485
1.36909
1.45794
1.54103
1.61803
1.68866
1.75261
1.80965
1.85955
1.90211
1.93717
1.96457
1.98423
1.99605
2.00000
1.99605
1.98423
1.96457
1.93717
1.90211
1.85955
1.80965
1.75261
1.68866
1.61803
1.54103
1.45794
1.36909
1.27485
1.17557
1.07165
0.96351
0.85156
0.73625
0.61803
0.49738
0.37476
0.25067
0.12558
0.00000
-0.12558
-0.25067
-0.37476
-0.49738
-0.61803
-0.73625
-0.85156
-0.96351
-1.07165
-1.17557
-1.27485
-1.36909
-1.45794
-1.54103
-1.61803
-1.68866
-1.75261
-1.80965
-1.85955
-1.90211
-1.93717
-1.96457
-1.98423
-1.99605
-2.00000
-1.99605
-1.98423
-1.96457
-1.93717
-1.90211
-1.85955
-1.80965
-1.75261
-1.68866
-1.61803
-1.54103
-1.45794
-1.36909
-1.27485
-1.17557
-1.07165
-0.96351
-0.85156
-0.73625
-0.61803
-0.49738
-0.37476
-0.25067
-0.12558
0.00000
0.12558
0.25067
0.37476
0.49738
0.61803
0.73625
0.85156
0.96351
1.07165
1.17557
1.27485
1.36909
1.45794
1.54103
1.61803
1.68866
1.75261
1.80965
1.85955
1.90211
1.93717
1.96457
1.98423
1.99605
2.00000
1.99605
1.98423
1.96457
1.93717
1.90211
1.85955
1.80965
1.75261
1.68866
1.61803
1.54103
1.45794
1.36909
1.27485
1.17557
1.07165
0.96351
0.85156
0.73625
0.61803
0.49738
0.37476
0.25067
0.12558
0.00000
-0.12558
-0.25067
-0.37476
-0.49738
-0.61803
-0.73625
-0.85156
-0.96351
-1.07165
-1.17557
-1.27485
-1.36909
-1.45794
-1.54103
-1.61803
-1.68866
-1.75261
-1.80965
-1.85955
-1.90211
-1.93717
-1.96457
-1.98423
-1.99605
-2.00000
-1.99605
-1.98423
-1.96457
-1.93717
-1.90211
-1.85955
-1.80965
-1.75261
-1.68866
-1.61803
-1.54103
-1.45794
-1.36909
-1.27485
-1.17557
-1.07165
-0.96351
-0.85156
-0.73625
-0.61803
-0.49738
-0.37476
-0.25067
-0.12558
0.00000
0.12558
0.25067
0.37476
0.49738
0.61803
0.73625
0.85156
0.96351
1.07165
1.17557
1.27485
1.36909
1.45794
1.54103
1.61803
1.68866
1.75261
1.80965
1.85955
1.90211
1.93717
1.96457
1.98423
1.99605
2.00000
1.99605
1.98423
1.96457
1.93717
1.90211
1.85955
1.80965
1.75261
1.68866
1.61803
1.54103
1.45794
1.36909
1.27485
1.17557
1.07165
0.96351
0.85156
0.73625
0.61803
0.49738
0.37476
0.25067
0.12558
-0.00000
-0.12558
-0.25067
-0.37476
-0.49738
-0.61803
-0.73625
-0.85156
-0.96351
-1.07165
-1.17557
-1.27485
-1.36909
-1.45794
-1.54103
-1.61803
-1.68866
-1.75261
-1.80965
-1.85955
-1.90211
-1.93717
-1.96457
-1.98423
-1.99605
-2.00000
-1.99605
-1.98423
-1.96457
-1.93717
-1.90211
-1.85955
-1.80965
-1.75261
-1.68866
-1.61803
-1.54103
-1.45794
-1.36909
-1.27485
-1.17557
-1.07165
-0.96351
-0.85156
-0.73625
-0.61803
-0.49738
-0.37476
-0.25067
-0.12558
-0.00000
0.12558
0.25067
0.37476
0.49738
0.61803
0.73625
0.85156
0.96351
1.07165
1.17557
1.27485
1.36909
1.45794
1.54103
1.61803
1.68866
1.75261
1.80965
1.85955
1.90211
1.93717
1.96457
1.98423
1.99605
2.00000
1.99605
1.98423
1.96457
1.93717
1.90211
1.85955
1.80965
1.75261
1.68866
1.61803
1.54103
1.45794
1.36909
1.27485
1.17557
1.07165
0.96351
0.85156
0.73625
0.61803
0.49738
0.37476
0.25067
0.12558
0.00000
-0.12558
-0.25067
-0.37476
-0.49738
-0.61803
-0.73625
-0.85156
-0.96351
-1.07165
-1.17557
-1.27485
-1.36909
-1.45794
-1.54103
-1.61803
-1.68866
-1.75261
-1.80965
-1.85955
-1.90211
-1.93717
-1.96457
-1.98423
-1.99605
-2.00000
-1.99605
-1.98423
-1.96457
-1.93717
-1.90211
-1.85955
-1.80965
-1.75261
-1.68866
-1.61803
-1.54103
-1.45794
-1.36909
-1.27485
-1.17557
-1.07165
-0.96351
-0.85156
-0.73625
-0.61803
-0.49738
-0.37476
-0.25067
-0.12558
0.00000
0.12558
0.25067
0.37476
0.49738
0.61803
0.73625
0.85156
0.96351
1.07165
1.17557
1.27485
1.36909
1.45794
1.54103
1.61803
1.68866
1.75261
1.80965
1.85955
1.90211
1.93717
1.96457
1.98423
1.99605
2.00000
1.99605
1.98423
1.96457
1.93717
1.90211
1.85955
1.80965
1.75261
1.68866
1.61803
1.54103
1.45794
1.36909
1.27485
1.17557
1.07165
0.96351
0.85156
0.73625
0.61803
0.49738
0.37476
0.25067
0.12558
0.00000
-0.12558
-0.25067
-0.37476
-0.49738
-0.61803
-0.73625
-0.85156
-0.96351
-1.07165
-1.17557
-1.27485
-1.36909
-1.45794
-1.54103
-1.61803
-1.68866
-1.75261
-1.80965
-1.85955
-1.90211
-1.93717
-1.96457
-1.98423
-1.99605
-2.00000
-1.99605
-1.98423
-1.96457
-1.93717
-1.90211
-1.85955
-1.80965
-1.75261
-1.68866
-1.61803
-1.54103
-1.45794
-1.36909
-1.27485
-1.17557
-1.07165
-0.96351
-0.85156
-0.73625
-0.61803
-0.49738
-0.37476
-0.25067
-0.12558
-0.00000
0.12558
0.25067
0.37476
0.49738
0.61803
0.73625
0.85156
0.96351
1.07165
1.17557
1.27485
1.36909
1.45794
1.54103
1.61803
1.68866
1.75261
1.80965
1.85955
1.90211
1.93717
1.96457
1.98423
1.99605
2.00000
1.99605
1.98423
1.96457
1.93717
1.90211
1.85955
1.80965
1.75261
1.68866
1.61803
1.54103
1.45794
1.36909
1.27485
1.17557
1.07165
0.96351
0.85156
0.73625
0.61803
0.49738
0.37476
0.25067
0.12558
-0.00000
-0.12558
-0.25067
-0.37476
-0.49738
-0.61803
-0.73625
-0.85156
-0.96351
-1.07165
-1.17557
-1.27485
-1.36909
-1.45794
-1.54103
-1.61803
-1.68866
-1.75261
-1.80965
-1.85955
-1.90211
-1.93717
-1.96457
-1.98423
-1.99605
-2.00000
-1.99605
-1.98423
-1.96457
-1.93717
-1.90211
-1.85955
-1.80965
-1.75261
-1.68866
-1.61803
-1.54103
-1.45794
-1.36909
-1.27485
-1.17557
-1.07165
-0.96351
-0.85156
-0.73625
-0.61803
-0.49738
-0.37476
-0.25067
-0.12558
0.00000
0.12558
0.25067
0.37476
0.49738
0.61803
0.73625
0.85156
0.96351
1.07165
1.17557
1.27485
1.36909
1.45794
1.54103
1.61803
1.68866
1.75261
1.80965
1.85955
1.90211
1.93717
1.96457
1.98423
1.99605
2.00000
1.99605
1.98423
1.96457
1.93717
1.90211
1.85955
1.80965
1.75261
1.68866
1.61803
1.54103
1.45794
1.36909
1.27485
1.17557
1.07165
0.96351
0.85156
0.73625
0.61803
0.49738
0.37476
0.25067
0.12558
-0.00000
-0.12558
-0.25067
-0.37476
-0.49738
-0.61803
-0.73625
-0.85156
-0.96351
-1.07165
-1.17557
-1.27485
-1.36909
-1.45794
-1.54103
-1.61803
-1.68866
-1.75261
-1.80965
-1.85955
-1.90211
-1.93717
-1.96457
-1.98423
-1.99605
-2.00000
-1.99605
-1.98423
-1.96457
-1.93717
-1.90211
-1.85955
-1.80965
-1.75261
-1.68866
-1.61803
-1.54103
-1.45794
-1.36909
-1.27485
-1.17557
-1.07165
-0.96351
-0.85156
-0.73625
-0.61803
-0.49738
-0.37476
-0.25067
-0.12558
-0.00000
0.12558
0.25067
0.37476
0.49738
0.61803
0.73625
0.85156
0.96351
1.07165
1.17557
1.27485
1.36909
1.45794
1.54103
1.61803
1.68866
1.75261
1.80965
1.85955
1.90211
1.93717
1.96457
1.98423
1.99605
2.00000
1.99605
1.98423
1.96457
1.93717
1.90211
1.85955
1.80965
1.75261
1.68866
1.61803
1.54103
1.45794
1.36909
1.27485
1.17557
1.07165
0.96351
0.85156
0.73625
0.61803
0.49738
0.37476
0.25067
0.12558
0.00000
-0.12558
-0.25067
-0.37476
-0.49738
-0.61803
-0.73625
-0.85156
-0.96351
-1.07165
-1.17557
-1.27485
-1.36909
-1.45794
-1.54103
-1.61803
-1.68866
-1.75261
-1.80965
-1.85955
-1.90211
-1.93717
-1.96457
-1.98423
-1.99605
-2.00000
-1.99605
-1.98423
-1.96457
-1.93717
-1.90211
-1.85955
-1.80965
-1.75261
-1.68866
-1.61803
-1.54103
-1.45794
-1.36909
-1.27485
-1.17557
-1.07165
-0.96351
-0.85156
-0.73625
-0.61803
-0.49738
-0.37476
-0.25067
-0.12558
-0.00000
0.12558
0.25067
0.37476
0.49738
0.61803
0.73625
0.85156
0.96351
1.07165
1.17557
1.27485
1.36909
1.45794
1.54103
1.61803
1.68866
1.75261
1.80965
1.85955
1.90211
1.93717
1.96457
1.98423
1.99605
2.00000
1.99605
1.98423
1.96457
1.93717
1.90211
1.85955
1.80965
1.75261
1.68866
1.61803
1.54103
1.45794
1.36909
1.27485
1.17557
1.07165
0.96351
0.85156
0.73625
0.61803
0.49738
0.37476
0.25067
0.12558
0.00000
-0.12558
-0.25067
-0.37476
-0.49738
-0.61803
-0.73625
-0.85156
-0.96351
-1.07165
-1.17557
-1.27485
-1.36909
-1.45794
-1.54103
-1.61803
-1.68866
-1.75261
-1.80965
-1.85955
-1.90211
-1.93717
-1.96457
-1.98423
-1.99605
-2.00000
-1.99605
-1.98423
-1.96457
-1.93717
-1.90211
-1.85955
-1.80965
-1.75261
-1.68866
-1.61803
-1.54103
-1.45794
-1.36909
-1.27485
-1.17557
-1.07165
-0.96351
-0.85156
-0.73625
-0.61803
-0.49738
-0.37476
-0.25067
-0.12558
-0.00000
0.12558
0.25067
0.37476
0.49738
0.61803
0.73625
0.85156
0.96351
1.07165
1.17557
1.27485
1.36909
1.45794
1.54103
1.61803
1.68866
1.75261
1.80965
1.85955
1.90211
1.93717
1.96457
1.98423
1.99605
2.00000
