2.00000
1.90211
1.61803
1.17557
0.61803
0.00000
-0.61803
-1.17557
-1.61803
-1.90211
-2.00000
-1.90211
-1.61803
-1.17557
-0.61803
-0.00000
0.61803
1.17557
1.61803
1.90211
2.00000
1.90211
1.61803
1.17557
0.61803
0.00000
-0.61803
-1.17557
-1.61803
-1.90211
-2.00000
-1.90211
-1.61803
-1.17557
-0.61803
-0.00000
0.61803
1.17557
1.61803
1.90211
2.00000
1.90211
1.61803
1.17557
0.61803
0.00000
-0.61803
-1.17557
-1.61803
-1.90211
-2.00000
-1.90211
-1.61803
-1.17557
-0.61803
-0.00000
0.61803
1.17557
1.61803
1.90211
2.00000
1.90211
1.61803
1.17557
0.61803
-0.00000
-0.61803
-1.17557
-1.61803
-1.90211
-2.00000
-1.90211
-1.61803
-1.17557
-0.61803
-0.00000
0.61803
1.17557
1.61803
1.90211
2.00000
1.90211
1.61803
1.17557
0.61803
-0.00000
-0.61803
-1.17557
-1.61803
-1.90211
-2.00000
-1.90211
-1.61803
-1.17557
-0.61803
-0.00000
0.61803
1.17557
1.61803
1.90211
2.00000
1.90211
1.61803
1.17557
0.61803
-0.00000
-0.61803
-1.17557
-1.61803
-1.90211
-2.00000
-1.90211
-1.61803
-1.17557
-0.61803
-0.00000
0.61803
1.17557
1.61803
1.90211
2.00000
1.90211
1.61803
1.17557
0.61803
-0.00000
-0.61803
-1.17557
-1.61803
-1.90211
-2.00000
-1.90211
-1.61803
-1.17557
-0.61803
-0.00000
0.61803
1.17557
1.61803
1.90211
2.00000
1.90211
1.61803
1.17557
0.61803
-0.00000
-0.61803
-1.17557
-1.61803
-1.90211
-2.00000
-1.90211
-1.61803
-1.17557
-0.61803
-0.00000
0.61803
1.17557
1.61803
1.90211
2.00000
1.90211
1.61803
1.17557
0.61803
0.00000
-0.61803
-1.17557
-1.61803
-1.90211
-2.00000
-1.90211
-1.61803
-1.17557
-0.61803
-0.00000
0.61803
1.17557
1.61803
1.90211
2.00000
1.90211
1.61803
1.17557
0.61803
0.00000
-0.61803
-1.17557
-1.61803
-1.90211
-2.00000
-1.90211
-1.61803
-1.17557
-0.61803
-0.00000
0.61803
1.17557
1.61803
1.90211
2.00000
